9922001014
9922001048
9922001049
9922001065
9922001067
9922001075
9922001080
9922001083
99220040007
99220040009
99220040024
99220040028
99220040033
99220040049
99220040051
99220040052
99220040065
99220040080
99220040093
99220040101
99220040106
99220040120
99220040132
99220040141
99220040167
99220040180
99220040181
99220040216
99220040220
99220040221
99220040225
99220040239
99220040240
99220040241
99220040249
99220040258
99220040273
99220040275
99220040283
99220040285
99220040287
99220041488
99220041493
99220041495
99220041496
99220040301
9922001048
9922001075
9922001080
9922001083
99220040028
99220040120
99220040132
99220040141
99220040180
99220040181
99220040216
99220040220
99220040241
99220040285
99220040363
99220040385
99220040393
99220040406
9922009033
9922001066
99220040467
9922005132
9922006014
9922020032
9922011044
9922006020
